t dt mgp.i mgpf.p mgu.i grid->tn perf.t perf.speed
0 4.00391e-05 0 0 0 6862 0 0
4.00391e-05 4.00391e-05 1 1 1 2512 0.331019 7588.69
0.000121678 8.1639e-05 2 2 2 3703 0.345555 17985.6
0.000187976 6.62975e-05 3 2 1 5323 0.36153 31914.4
0.000229729 4.17533e-05 2 2 1 5992 0.377952 46381.6
0.000266185 3.64562e-05 2 1 1 6031 0.393633 59855.2
0.000297383 3.11981e-05 1 1 1 6049 0.416895 71025.1
0.000324869 2.74862e-05 1 2 1 6064 0.43769 81505.2
0.00034987 2.50003e-05 1 2 1 6070 0.45811 91122.2
0.000373875 2.40053e-05 1 1 1 6094 0.472418 101262
0.000396525 2.26497e-05 1 1 1 6094 0.486329 110896
0.000417913 2.13886e-05 1 1 1 6136 0.500705 119967
0.000438171 2.02581e-05 1 2 1 6145 0.516103 128294
0.000457488 1.93168e-05 1 1 1 6160 0.530292 136478
0.000475769 1.82807e-05 1 2 1 6172 0.545929 143874
0.000493538 1.77691e-05 1 1 1 6190 0.563587 150349
0.000510275 1.67367e-05 1 2 1 6229 0.580715 156641
0.000526441 1.61665e-05 1 1 1 6250 0.595476 163254
0.000541845 1.54042e-05 2 2 1 6262 0.612333 168986
0.000556693 1.4848e-05 1 1 1 6313 0.627191 175049
0.000570958 1.42648e-05 2 2 1 6280 0.645467 179822
0.000584804 1.38459e-05 2 2 1 6283 0.662257 184750
0.000598609 1.38053e-05 2 2 1 6274 0.679161 189390
0.000612235 1.36252e-05 2 1 1 6286 0.694861 194157
0.000625219 1.29845e-05 2 2 1 6298 0.711681 198418
0.000638168 1.29486e-05 2 1 1 6349 0.727361 202869
0.000650405 1.22377e-05 1 1 1 6334 0.74205 207389
0.000662407 1.2002e-05 2 1 1 6352 0.757891 211435
0.000673836 1.14291e-05 2 1 1 6349 0.773369 215413
0.000685168 1.13319e-05 2 2 1 6367 0.790371 218835
0.000695705 1.05371e-05 2 1 1 6376 0.806334 222410
0.000706009 1.03038e-05 2 2 1 6391 0.82319 225620
0.000715928 9.91888e-06 1 1 1 6412 0.837885 229315
0.000725344 9.41589e-06 2 1 1 6430 0.853518 232649
0.000734789 9.44466e-06 2 1 1 6430 0.869579 235746
0.000744242 9.45352e-06 2 1 1 6451 0.88529 238849
0.000753452 9.20971e-06 2 1 1 6466 0.901342 241769
0.000762275 8.82304e-06 1 1 1 6487 0.916311 244899
0.000770876 8.60123e-06 2 2 1 6547 0.934893 247035
0.000779266 8.38956e-06 1 2 1 6553 0.951135 249706
0.000787087 7.82081e-06 1 1 1 6571 0.968129 252110
0.00079454 7.45381e-06 1 1 1 7072 0.989443 253827
0.000802012 7.47196e-06 1 1 1 7078 1.00585 256724
0.000809509 7.49632e-06 2 1 1 7087 1.02376 259153
0.00081703 7.52086e-06 1 2 1 7084 1.04175 261480
0.000824575 7.54558e-06 2 1 1 7099 1.0594 263825
0.000832145 7.57019e-06 2 2 1 7120 1.07839 265781
0.00083966 7.51464e-06 1 1 1 7090 1.09466 268307
0.000847089 7.42876e-06 1 1 1 7108 1.11124 270701
0.000854417 7.32819e-06 2 2 1 7132 1.13003 272511
0.000861545 7.12828e-06 1 2 1 7144 1.14775 274527
0.000868478 6.9328e-06 1 1 1 7180 1.16431 276788
0.000874886 6.40809e-06 1 2 1 7189 1.18672 277621
0.000881308 6.42161e-06 1 1 1 7519 1.20337 280027
0.000887747 6.43975e-06 1 2 1 7243 1.22107 281901
0.000894219 6.47177e-06 1 2 1 7270 1.23904 283680
0.000900691 6.47137e-06 1 2 1 7288 1.25698 285428
0.000906814 6.12336e-06 1 1 1 7288 1.27364 287418
0.000912941 6.12748e-06 1 2 1 7315 1.2917 289062
0.000918916 5.9744e-06 1 1 1 7639 1.30866 291152
0.000924918 6.00204e-06 1 1 1 7348 1.32548 293001
0.000930948 6.02995e-06 1 1 1 7375 1.34211 294867
0.00093699 6.04201e-06 1 1 1 7432 1.3588 296714
0.00094304 6.05007e-06 1 1 1 7456 1.37603 298416
0.000949098 6.05817e-06 1 1 1 7798 1.39271 300443
0.000955156 6.05817e-06 1 1 1 7510 1.40999 302086
0.000961218 6.06223e-06 1 1 1 7513 1.43015 303081
0.000967293 6.07445e-06 1 1 1 7525 1.44741 304666
0.000973375 6.08263e-06 1 1 1 7534 1.46454 306247
0.000979442 6.06628e-06 1 1 1 7858 1.48161 308023
0.000985488 6.04595e-06 1 1 1 7585 1.49914 309479
0.000991534 6.04594e-06 1 1 1 7594 1.51578 311092
0.000997584 6.05001e-06 1 1 1 7639 1.53356 312467
0.00100364 6.05369e-06 1 1 1 7645 1.55128 313826
0.0010097 6.05816e-06 1 1 1 7936 1.56893 315355
0.00101576 6.06633e-06 1 1 1 7654 1.5866 316665
0.00102184 6.07779e-06 1 1 1 7675 1.60393 318029
0.00102792 6.07865e-06 1 1 1 7702 1.62204 319227
0.00103401 6.08689e-06 1 1 1 7714 1.63921 320590
0.0010401 6.09103e-06 1 1 1 8017 1.65719 321949
0.00104619 6.09517e-06 1 1 1 7726 1.67507 323125
0.00105229 6.09517e-06 1 1 1 7768 1.69306 324279
0.00105839 6.10349e-06 1 1 1 7810 1.71081 325479
0.00106451 6.1202e-06 1 1 1 7804 1.72824 326713
0.00107065 6.13644e-06 1 1 1 8101 1.74642 327950
0.0010768 6.14969e-06 2 1 1 7837 1.76492 328952
0.00108296 6.16243e-06 1 1 1 7858 1.78299 330026
0.00108914 6.17952e-06 1 1 1 7909 1.80109 331101
0.00109534 6.20534e-06 1 1 1 7906 1.81934 332126
0.00110157 6.22703e-06 1 1 1 8191 1.84271 332359
0.00110782 6.25329e-06 1 1 1 7945 1.86028 333490
0.00111411 6.28422e-06 1 1 1 7948 1.87849 334488
0.00112043 6.32448e-06 2 1 1 7960 1.89706 335411
0.00112679 6.3605e-06 1 1 1 7996 1.91534 336384
0.00113318 6.3836e-06 1 1 1 8296 1.9335 337514
0.00113959 6.4113e-06 1 1 1 8023 1.95171 338476
0.00114603 6.43863e-06 1 1 1 8041 1.96963 339479
0.00115251 6.48168e-06 1 1 1 8032 1.98727 340507
0.00115903 6.51989e-06 1 1 1 8065 2.0057 341401
0.00116555 6.5247e-06 1 1 1 8383 2.02351 342538
0.00117208 6.5247e-06 1 1 1 8125 2.04408 343066
0.00117861 6.53436e-06 1 1 1 8146 2.06247 343956
0.00118516 6.54406e-06 1 1 1 8164 2.08081 344848
0.00119172 6.56844e-06 1 1 1 8200 2.09913 345744
0.00119832 6.59302e-06 2 1 1 8506 2.11908 346505
0.00120494 6.61781e-06 1 1 1 8251 2.13752 347375
0.00121159 6.65788e-06 1 1 1 8278 2.15583 348265
0.0012183 6.70871e-06 1 1 1 8311 2.17458 349084
0.00122508 6.78123e-06 1 1 1 8326 2.19333 349895
0.00123193 6.85005e-06 1 1 1 8359 2.21203 350716
0.00123884 6.90943e-06 1 1 1 8644 2.23166 351505
0.0012458 6.95882e-06 1 1 1 8395 2.25711 351261
0.0012528 6.99776e-06 1 1 1 8428 2.27521 352171
0.00125983 7.02586e-06 2 1 1 8476 2.29566 352726
0.00126687 7.04285e-06 1 1 1 8482 2.31467 353493
0.00127392 7.04853e-06 1 1 1 8512 2.33376 354249
0.00128098 7.06565e-06 1 1 1 8794 2.35268 355138
0.00128806 7.07712e-06 1 1 1 8548 2.37125 355962
0.00129514 7.07712e-06 1 1 1 8572 2.39077 356641
0.00130221 7.07616e-06 1 1 1 8593 2.40942 357447
0.00130929 7.07713e-06 1 1 1 8608 2.42867 358158
0.00131636 7.07137e-06 1 1 1 8620 2.45451 357899
0.00132343 7.07137e-06 1 1 1 8893 2.48257 357436
0.0013305 7.07137e-06 1 1 1 8656 2.50605 357541
0.00133758 7.07137e-06 1 1 1 8677 2.52548 358227
0.00134424 6.66853e-06 1 1 1 8695 2.54468 358941
0.00135093 6.68398e-06 1 1 1 8722 2.56434 359589
0.00135716 6.23581e-06 1 1 1 8728 2.58368 360277
0.00136308 5.91165e-06 1 1 1 8995 2.60305 361051
0.00136899 5.91165e-06 1 1 1 8773 2.62196 361793
0.00137455 5.56481e-06 1 1 1 8797 2.64154 362441
0.00138012 5.5684e-06 1 1 1 8809 2.66529 362517
0.00138546 5.33739e-06 1 1 1 8854 2.69295 362081
0.00139084 5.38073e-06 1 1 1 9097 2.71266 362803
0.00139627 5.43165e-06 1 1 1 8863 2.73216 363459
0.00140175 5.47659e-06 1 1 1 8875 2.75127 364160
0.00140725 5.5077e-06 1 1 1 8896 2.77096 364782
0.00141278 5.52176e-06 1 1 1 9181 2.79 365583
0.00141833 5.55089e-06 1 1 1 8950 2.80978 366195
0.0014239 5.57614e-06 1 1 1 8962 2.82977 366775
0.00142952 5.61999e-06 1 1 1 8962 2.84941 367392
0.00143517 5.6459e-06 1 1 1 9211 2.86918 368071
0.00144083 5.66457e-06 1 1 1 8974 2.89272 368179
0.00144652 5.68715e-06 1 1 1 8995 2.91861 367994
0.00145222 5.70232e-06 1 1 1 9025 2.9385 368575
0.00145795 5.73213e-06 1 1 1 9091 2.95853 369153
0.0014637 5.74835e-06 1 1 1 9253 2.9787 369759
0.00146947 5.76777e-06 1 1 1 9070 2.99869 370319
0.00147527 5.79816e-06 1 1 1 9079 3.0182 370933
0.00148108 5.81068e-06 1 1 1 9100 3.03837 371465
0.00148691 5.83079e-06 1 1 1 9337 3.05745 372201
0.00149276 5.84657e-06 1 1 1 9103 3.07747 372738
0.00149861 5.85495e-06 1 1 1 9115 3.09764 373254
0.00150449 5.87924e-06 1 1 1 9151 3.11775 373781
0.00151038 5.88739e-06 1 1 1 9196 3.13761 374347
0.00151628 5.89874e-06 1 1 1 9349 3.15758 374939
0.0015222 5.92386e-06 1 1 1 9199 3.17727 375511
0.00152813 5.92853e-06 1 1 1 9214 3.19725 376047
0.00153407 5.93684e-06 1 1 1 9259 3.2174 376569
0.00154002 5.95736e-06 1 1 1 9295 3.23757 377094
0.00154599 5.96193e-06 1 1 1 9445 3.25771 377662
0.00155196 5.97457e-06 1 1 1 9283 3.27742 378223
0.00155794 5.98303e-06 1 1 1 9298 3.29792 378691
0.00156393 5.98727e-06 1 1 1 9310 3.31728 379288
0.00156994 6.00432e-06 1 1 1 9328 3.34769 378629
0.00157594 6.00432e-06 1 1 1 9499 3.37267 378641
0.00158195 6.00803e-06 1 1 1 9343 3.39423 378988
0.00158797 6.0215e-06 1 1 1 9367 3.41482 379446
0.00159399 6.01719e-06 1 1 1 9394 3.43595 379847
0.00160001 6.0215e-06 1 1 1 9412 3.4554 380433
0.00160604 6.03448e-06 1 1 1 9616 3.48112 380384
0.00161206 6.01286e-06 1 1 1 9460 3.50495 380497
0.00161807 6.01718e-06 1 1 1 9481 3.53585 379854
0.0016241 6.02583e-06 1 1 1 9493 3.5587 380082
0.00163012 6.01717e-06 1 1 1 9508 3.57988 380489
0.00163614 6.02495e-06 1 1 1 9676 3.60005 381045
0.00164217 6.03453e-06 1 1 1 9535 3.62063 381512
0.00164821 6.03453e-06 1 1 1 9544 3.64161 381935
0.00165425 6.04326e-06 1 1 1 9586 3.66237 382388
0.0016603 6.05203e-06 1 1 1 9607 3.68265 382891
0.00166636 6.05642e-06 1 1 1 9802 3.70365 383366
0.00167242 6.06083e-06 1 1 1 9637 3.72363 383898
0.00167832 5.90106e-06 1 1 1 9655 3.75003 383770
0.00168422 5.90133e-06 1 1 1 9658 3.77875 383409
0.00169003 5.80711e-06 1 1 1 9679 3.79965 383847
0.00169562 5.58466e-06 2 1 1 9838 3.82144 384232
0.00170115 5.53257e-06 1 1 1 9706 3.84275 384628
0.00170612 4.97235e-06 1 1 1 9709 3.86245 385179
0.0017108 4.67427e-06 1 1 1 9733 3.88374 385574
0.00171543 4.63084e-06 1 1 1 9877 3.9049 386014
0.00171998 4.55697e-06 1 1 1 9763 3.92556 386470
0.00172422 4.23747e-06 1 1 1 9757 3.94612 386928
0.00172795 3.73043e-06 1 1 1 9784 3.97142 386928
0.00173108 3.12776e-06 1 1 1 9934 3.99229 387393
0.00173392 2.84332e-06 1 1 1 9784 4.01448 387689
0.00173657 2.64972e-06 1 1 1 9799 4.03601 388048
0.00173891 2.33575e-06 1 1 1 9952 4.05759 388438
0.00174117 2.26322e-06 1 1 1 9784 4.07846 388849
0.00174343 2.26111e-06 1 1 1 9805 4.09971 389225
0.00174562 2.18937e-06 1 1 1 9988 4.12054 389681
0.00174779 2.16958e-06 1 1 1 9820 4.14177 390054
0.00174996 2.16993e-06 1 1 1 9838 4.16365 390368
0.00175206 2.09888e-06 1 1 1 10009 4.18539 390732
0.00175406 1.99762e-06 1 1 1 9856 4.20659 391105
0.00175606 2.00687e-06 1 1 1 9862 4.22734 391518
0.00175802 1.95771e-06 1 1 1 10012 4.24904 391875
0.00176001 1.98399e-06 1 1 1 9874 4.26974 392288
0.00176202 2.0144e-06 1 1 1 9886 4.29152 392601
0.00176406 2.04374e-06 1 1 1 10042 4.31356 392923
0.00176614 2.07734e-06 1 1 1 9889 4.33543 393221
0.00176826 2.11553e-06 1 1 1 9871 4.35828 393425
0.0017704 2.14698e-06 2 1 1 10027 4.38166 393614
0.00177259 2.18153e-06 1 1 1 9910 4.40215 394033
0.0017748 2.21832e-06 1 1 1 9922 4.42321 394400
0.00177706 2.25464e-06 1 1 1 10060 4.44451 394773
0.00177935 2.28883e-06 2 1 1 9904 4.46724 394982
0.00178167 2.32562e-06 1 1 1 9922 4.49605 394658
0.00178404 2.36354e-06 1 1 1 10078 4.51815 394958
0.00178643 2.3976e-06 1 1 1 9946 4.53913 395323
0.00178887 2.43207e-06 1 1 1 9961 4.56277 395459
0.00179134 2.4704e-06 1 1 1 10084 4.5951 394871
0.00179384 2.50347e-06 1 1 1 9949 4.62573 394406
0.00179638 2.53664e-06 1 1 1 9949 4.64741 394708
0.00179895 2.57307e-06 1 1 1 10114 4.66748 395178
0.00180155 2.60465e-06 1 1 1 9964 4.68884 395502
0.00180419 2.63568e-06 1 1 1 10000 4.71024 395828
0.00180686 2.66915e-06 1 1 1 10123 4.73376 396000
0.00180956 2.69925e-06 1 1 1 9976 4.75452 396369
0.00181229 2.72818e-06 1 1 1 9979 4.77638 396644
0.00181505 2.75943e-06 1 1 1 10009 4.79675 397047
0.00181783 2.78729e-06 1 1 1 10129 4.81806 397392
0.00182065 2.81415e-06 1 1 1 10009 4.83964 397689
0.00182349 2.84307e-06 1 1 1 10012 4.86321 397820
0.00182636 2.86816e-06 1 1 1 10156 4.88397 398209
0.00182925 2.89248e-06 1 1 1 10015 4.90507 398537
0.00183217 2.91659e-06 1 1 1 10033 4.9258 398897
0.00183511 2.93866e-06 1 1 1 10015 4.94712 399202
0.00183807 2.96058e-06 1 1 1 10168 4.96875 399511
0.00184105 2.97982e-06 1 1 1 10027 4.99049 399780
0.00184404 2.99827e-06 1 1 1 10036 5.01164 400095
0.00184706 3.01775e-06 2 1 1 10045 5.0341 400305
0.00185009 3.02856e-06 1 1 1 10183 5.05613 400575
0.00185313 3.04248e-06 1 1 1 10060 5.07737 400881
0.00185619 3.05453e-06 1 1 1 10063 5.09956 401110
0.00185925 3.06553e-06 1 1 1 10090 5.12146 401364
0.00186233 3.07914e-06 1 1 1 10210 5.1434 401638
0.00186542 3.08791e-06 1 1 1 10087 5.16495 401915
0.00186852 3.09851e-06 2 2 1 10099 5.20343 400883
0.00187163 3.11074e-06 1 1 1 10099 5.22577 401102
0.00187475 3.11895e-06 1 1 1 10225 5.24889 401283
0.00187788 3.13044e-06 1 1 1 10114 5.27128 401498
0.00188102 3.14118e-06 1 1 1 10123 5.29346 401728
0.00188417 3.15039e-06 1 1 1 10120 5.31569 401951
0.00188733 3.16283e-06 1 1 1 10249 5.33789 402200
0.00189051 3.17273e-06 1 1 1 10153 5.3623 402263
0.00189369 3.18064e-06 1 1 1 10168 5.40081 401277
0.00189688 3.19551e-06 1 2 1 10183 5.44118 400171
0.00190009 3.20453e-06 2 2 1 10282 5.46788 400098
0.0019033 3.21537e-06 2 1 1 10210 5.49363 400081
0.00190653 3.22964e-06 1 1 1 10216 5.51715 400227
0.00190977 3.23995e-06 1 1 1 10222 5.5407 400371
0.00191303 3.25301e-06 1 1 1 10369 5.56415 400547
0.00191629 3.26598e-06 1 1 1 10270 5.58814 400665
0.00191957 3.27535e-06 1 1 1 10255 5.61398 400647
0.00192285 3.28706e-06 1 1 1 10258 5.63639 400875
0.00192615 3.29545e-06 1 1 1 10360 5.66018 401020
0.00192945 3.30219e-06 1 1 1 10270 5.68382 401159
0.00193276 3.30558e-06 1 1 1 10270 5.70729 401309
0.00193606 3.30579e-06 1 1 1 10270 5.73054 401473
0.00193937 3.30601e-06 1 1 1 10393 5.75443 401612
0.00194267 3.30331e-06 1 1 1 10279 5.77739 401795
0.00194592 3.24369e-06 1 1 1 10279 5.80204 401860
0.00194916 3.24314e-06 1 1 1 10309 5.82599 401977
0.00195239 3.22878e-06 1 1 1 10402 5.84947 402142
0.00195562 3.22938e-06 1 1 1 10279 5.87204 402347
0.00195878 3.15918e-06 1 1 1 10288 5.89543 402496
0.00196194 3.15997e-06 1 1 1 10288 5.91883 402642
0.00196506 3.12867e-06 1 1 1 10402 5.9429 402762
0.00196816 3.09601e-06 1 1 1 10327 5.96629 402914
0.00197123 3.0733e-06 1 1 1 10300 5.9895 403072
0.00197428 3.0445e-06 1 1 1 10363 6.0156 403046
0.00197727 2.98953e-06 1 1 1 10417 6.0385 403243
0.00198025 2.97777e-06 1 1 1 10321 6.06223 403367
0.00198319 2.94763e-06 1 1 1 10324 6.08613 403479
0.00198609 2.90049e-06 2 2 1 10414 6.11497 403279
0.00198898 2.88656e-06 1 2 1 10372 6.14086 403268
0.00199186 2.88433e-06 1 1 1 10339 6.16558 403328
0.00199468 2.82012e-06 1 1 1 10387 6.18911 403473
0.00199747 2.78589e-06 1 1 1 10489 6.21473 403497
0.00200025 2.78305e-06 1 1 1 10399 6.23911 403588
0.00200299 2.73291e-06 1 1 1 10402 6.26373 403662
0.00200568 2.68881e-06 1 1 1 10474 6.2877 403789
0.00200837 2.68991e-06 1 1 1 10420 6.31223 403871
0.00201103 2.66058e-06 2 1 1 10417 6.33943 403781
0.00201363 2.60877e-06 2 1 1 10405 6.36741 403641
0.00201622 2.58655e-06 1 1 1 10498 6.39228 403712
0.0020188 2.57793e-06 1 1 1 10447 6.42279 403421
0.00202131 2.50738e-06 1 1 1 10441 6.44837 403440
0.00202376 2.45422e-06 1 1 1 10549 6.47249 403566
0.00202621 2.4452e-06 1 1 1 10477 6.49777 403609
0.0020286 2.39139e-06 1 1 1 10456 6.52249 403682
0.00203092 2.31861e-06 1 1 1 10489 6.54665 403795
0.00203322 2.30712e-06 1 1 1 10582 6.57164 403869
0.00203552 2.2977e-06 1 1 1 10456 6.59561 403987
0.00203775 2.23007e-06 1 1 1 10492 6.62132 404003
0.00203995 2.19869e-06 1 1 1 10573 6.64675 404048
0.00204215 2.20003e-06 1 1 1 10501 6.67235 404072
0.00204433 2.17901e-06 1 1 1 10549 6.69719 404148
0.00204647 2.13705e-06 1 1 1 10516 6.72274 404176
0.00204857 2.10858e-06 1 1 1 10570 6.74753 404258
0.00205069 2.11068e-06 1 1 1 10534 6.77272 404309
0.0020528 2.11189e-06 1 1 1 10549 6.79839 404335
0.00205491 2.11362e-06 1 1 1 10582 6.82363 404390
0.00205701 2.09446e-06 1 1 1 10543 6.84906 404427
0.00205906 2.05946e-06 1 1 1 10552 6.8731 404548
0.00206112 2.05082e-06 1 1 1 10543 6.89806 404613
0.0020631 1.98153e-06 1 1 1 10591 6.92342 404661
0.00206504 1.94227e-06 1 1 1 10552 6.94835 404727
0.00206698 1.93631e-06 1 1 1 10552 6.97304 404807
0.00206889 1.91445e-06 1 1 1 10630 6.99853 404852
0.00207078 1.89072e-06 1 1 1 10573 7.02289 404953
0.00207263 1.85374e-06 1 1 1 10567 7.04831 404992
0.00207449 1.85522e-06 1 1 1 10588 7.07639 404881
0.00207634 1.8554e-06 1 1 1 10621 7.10166 404936
0.0020782 1.85044e-06 1 1 1 10573 7.12678 404993
0.00208005 1.85076e-06 1 1 1 10597 7.15122 405090
0.0020819 1.85187e-06 1 1 1 10657 7.18301 404781
0.00208374 1.84347e-06 1 1 1 10585 7.21123 404665
0.00208558 1.83777e-06 1 1 1 10600 7.23661 404710
0.00208739 1.81064e-06 1 1 1 10630 7.26198 404760
0.00208914 1.75268e-06 1 1 1 10651 7.2871 404827
0.00209087 1.72809e-06 1 1 1 10639 7.31269 404865
0.00209259 1.72259e-06 1 1 1 10633 7.33825 404903
0.00209426 1.66212e-06 1 1 1 10672 7.36345 404967
0.00209588 1.62672e-06 1 1 1 10651 7.38842 405040
0.0020975 1.61924e-06 1 1 1 10648 7.41427 405064
0.0020991 1.59583e-06 1 1 1 10642 7.43883 405157
0.00210064 1.54535e-06 1 1 1 10696 7.46459 405192
0.00210216 1.51848e-06 1 1 1 10657 7.49731 404845
0.00210367 1.50761e-06 1 1 1 10657 7.52262 404900
0.00210515 1.4805e-06 1 1 1 10657 7.54896 404898
0.0021066 1.45099e-06 1 1 1 10708 7.57357 404997
0.00210803 1.42565e-06 1 1 1 10645 7.59938 405022
0.00210945 1.4202e-06 1 1 1 10678 7.62503 405060
0.00211085 1.40866e-06 1 1 1 10714 7.65024 405125
0.00211223 1.37527e-06 1 1 1 10660 7.6756 405176
0.00211359 1.36024e-06 1 1 1 10675 7.70254 405145
0.00211493 1.34453e-06 1 1 1 10687 7.72856 405163
0.00211628 1.34322e-06 1 1 1 10720 7.75463 405184
0.00211761 1.33017e-06 1 1 1 10705 7.78055 405210
0.00211894 1.32705e-06 1 1 1 10690 7.80617 405249
0.00212026 1.32725e-06 1 1 1 10708 7.83233 405263
0.00212157 1.30778e-06 1 1 1 10720 7.85783 405312
0.00212286 1.292e-06 1 1 1 10693 7.88415 405315
0.00212415 1.29239e-06 1 1 1 10681 7.91242 405217
0.00212545 1.29321e-06 1 1 1 10708 7.93759 405281
0.00212674 1.29069e-06 1 1 1 10723 7.96269 405350
0.00212802 1.2813e-06 1 1 1 10726 7.98752 405433
0.0021293 1.28131e-06 1 1 1 10720 8.01293 405485
0.00213056 1.2603e-06 1 1 1 10735 8.03852 405530
0.00213182 1.25431e-06 1 1 1 10732 8.06415 405572
0.00213306 1.24702e-06 1 1 1 10753 8.08931 405640
0.0021343 1.23669e-06 1 1 1 10738 8.11758 405550
0.00213554 1.23694e-06 1 1 1 10753 8.14138 405685
0.00213677 1.23353e-06 1 1 1 10786 8.16702 405732
0.00213799 1.22299e-06 1 1 1 10762 8.19602 405609
0.00213922 1.22357e-06 1 1 1 10756 8.22194 405639
0.00214044 1.22387e-06 1 1 1 10771 8.24664 405730
0.00214165 1.21186e-06 1 1 1 10771 8.27181 405798
0.00214286 1.21239e-06 1 1 1 10780 8.29709 405860
0.00214408 1.21428e-06 1 1 1 10771 8.32539 405775
0.00214529 1.21507e-06 1 1 1 10780 8.35048 405847
0.00214651 1.21576e-06 1 1 1 10777 8.37546 405923
0.00214773 1.21745e-06 1 1 1 10756 8.40014 406010
0.00214895 1.22029e-06 1 1 1 10774 8.42592 406047
0.00215017 1.22288e-06 1 1 1 10798 8.45089 406125
0.0021514 1.22582e-06 1 1 1 10810 8.47717 406141
0.00215262 1.22869e-06 1 1 1 10813 8.50294 406182
0.00215386 1.23213e-06 1 1 1 10816 8.52857 406229
0.00215509 1.23426e-06 1 1 1 10822 8.55474 406252
0.00215633 1.23616e-06 1 1 1 10813 8.57959 406335
0.00215757 1.23896e-06 1 1 1 10807 8.60568 406359
0.00215881 1.24192e-06 1 1 1 10798 8.63176 406382
0.00216005 1.24417e-06 1 1 1 10822 8.6571 406443
0.0021613 1.24643e-06 1 1 1 10858 8.68283 406489
0.00216255 1.24981e-06 1 1 1 10822 8.70781 406566
0.0021638 1.25384e-06 1 1 1 10810 8.73739 406426
0.00216506 1.25734e-06 1 1 1 10831 8.76312 406469
0.00216632 1.26121e-06 1 1 1 10855 8.78886 406514
0.00216759 1.26622e-06 1 1 1 10849 8.81417 406577
0.00216886 1.27207e-06 1 1 1 10840 8.84024 406605
0.00217014 1.27733e-06 1 1 1 10840 8.8652 406683
0.00217142 1.28267e-06 1 1 1 10858 8.89396 406588
0.00217271 1.28918e-06 1 1 1 10852 8.92028 406605
0.00217401 1.29698e-06 1 1 1 10873 8.94999 406470
0.00217531 1.30453e-06 1 1 1 10861 8.97567 406517
0.00217662 1.31194e-06 1 1 1 10873 9.00051 406604
0.00217794 1.32002e-06 1 1 1 10879 9.02665 406631
0.00217927 1.32892e-06 1 1 1 10903 9.05285 406659
0.00218061 1.33855e-06 1 1 1 10924 9.07908 406687
0.00218196 1.34757e-06 1 1 1 10933 9.10448 406753
0.00218331 1.35667e-06 1 1 1 10912 9.13071 406780
0.00218468 1.36675e-06 1 1 1 10942 9.15614 406845
0.00218606 1.37828e-06 1 1 1 10936 9.18264 406862
0.00218745 1.3896e-06 1 1 1 10945 9.20837 406914
0.00218885 1.40058e-06 1 1 1 10930 9.23354 406988
0.00219026 1.41271e-06 1 1 1 10939 9.25927 407039
0.00219169 1.42531e-06 1 1 1 10954 9.28397 407136
0.00219313 1.43898e-06 1 1 1 10966 9.31014 407169
0.00219458 1.45179e-06 1 1 1 10945 9.33654 407190
0.00219604 1.46401e-06 1 1 1 10963 9.36248 407233
0.00219752 1.47627e-06 1 1 1 10981 9.38822 407286
0.00219901 1.49129e-06 1 1 1 10984 9.4146 407311
0.00220052 1.50665e-06 1 1 1 10984 9.44008 407376
0.00220204 1.52175e-06 1 1 1 10978 9.46658 407395
0.00220357 1.53718e-06 1 1 1 10993 9.4927 407432
0.00220513 1.55333e-06 1 1 1 11008 9.51817 407498
0.0022067 1.5702e-06 1 1 1 10996 9.54464 407520
0.00220829 1.58673e-06 1 1 1 11002 9.57019 407582
0.00220989 1.60355e-06 1 1 1 11017 9.60989 407044
0.00221151 1.62159e-06 1 1 1 11017 9.64774 406590
0.00221315 1.64004e-06 1 1 1 10984 9.67588 406542
0.00221481 1.65778e-06 1 1 1 10999 9.70072 406635
0.00221648 1.67524e-06 1 1 1 11026 9.72743 406652
0.00221818 1.69285e-06 1 1 1 11038 9.75595 406595
0.00221989 1.70945e-06 1 1 1 11020 9.78568 406486
0.00222161 1.72496e-06 1 1 1 11041 9.82786 405865
0.00222335 1.73922e-06 1 1 1 11044 9.86029 405650
0.0022251 1.75269e-06 1 1 1 11077 9.88675 405684
0.00222687 1.76716e-06 1 1 1 11053 9.91319 405717
0.00222865 1.78048e-06 1 1 1 11053 9.93915 405770
0.00223044 1.7927e-06 1 1 1 11044 9.96515 405819
0.00223225 1.80433e-06 1 1 1 11077 9.99506 405713
0.00223406 1.81571e-06 1 1 1 11080 10.0262 405559
0.00223589 1.82506e-06 1 1 1 11065 10.0533 405565
0.00223772 1.83291e-06 1 1 1 11083 10.0795 405612
0.00223956 1.83959e-06 1 1 1 11062 10.1056 405659
0.00224141 1.84544e-06 1 1 1 11095 10.1307 405749
0.00224326 1.85076e-06 1 1 1 11125 10.1571 405787
0.00224511 1.85588e-06 1 1 1 11086 10.1836 405820
0.00224697 1.86099e-06 1 1 1 11089 10.215 405658
0.00224884 1.86495e-06 1 1 1 11092 10.2404 405738
0.00225071 1.86789e-06 1 1 1 11101 10.2662 405800
0.00225258 1.87022e-06 1 1 1 11101 10.2923 405847
0.00225445 1.8721e-06 1 1 1 11095 10.3187 405886
0.00225632 1.87395e-06 1 1 1 11095 10.3452 405917
0.0022582 1.87618e-06 1 1 1 11107 10.371 405977
0.00226008 1.87807e-06 1 1 1 11104 10.3986 405968
0.00226196 1.87914e-06 1 1 1 11125 10.4258 405975
0.00226384 1.87989e-06 1 1 1 11137 10.4524 406008
0.00226572 1.88081e-06 1 1 1 11146 10.4786 406057
0.0022676 1.88254e-06 1 1 1 11152 10.5045 406118
0.00226948 1.88483e-06 1 1 1 11143 10.5315 406133
0.00227137 1.88637e-06 1 1 1 11146 10.5573 406199
0.00227326 1.88782e-06 1 1 1 11149 10.5839 406230
0.00227515 1.88985e-06 1 1 1 11158 10.6124 406190
0.00227704 1.89319e-06 1 1 1 11182 10.6385 406246
0.00227894 1.89676e-06 1 1 1 11161 10.6651 406281
0.00228084 1.89978e-06 1 1 1 11182 10.6904 406362
0.00228274 1.90305e-06 1 1 1 11161 10.717 406396
0.00228465 1.90655e-06 1 1 1 11179 10.744 406417
0.00228656 1.90989e-06 1 1 1 11170 10.7706 406448
0.00228847 1.91388e-06 1 1 1 11200 10.7962 406523
0.00229039 1.91898e-06 1 1 1 11191 10.8239 406516
0.00229231 1.92305e-06 1 1 1 11179 10.8503 406558
0.00229424 1.92699e-06 1 1 1 11188 10.8769 406590
0.00229617 1.93168e-06 1 1 1 11200 10.9031 406640
0.00229811 1.93793e-06 1 1 1 11200 10.9292 406694
0.00230005 1.94385e-06 1 1 1 11188 10.9564 406705
0.002302 1.94941e-06 1 1 1 11218 10.9823 406769
0.00230396 1.95562e-06 1 1 1 11224 11.0092 406796
0.00230592 1.96329e-06 1 1 1 11221 11.0357 406835
0.00230789 1.97188e-06 1 1 1 11233 11.0618 406891
0.00230987 1.98013e-06 1 1 1 11200 11.0888 406911
0.00231186 1.98899e-06 1 1 1 11257 11.1141 406997
0.00231386 1.99906e-06 1 1 1 11242 11.141 407022
0.00231587 2.00955e-06 1 1 1 11236 11.1681 407042
0.00231789 2.01949e-06 1 1 1 11248 11.1944 407091
0.00231992 2.02944e-06 1 1 1 11269 11.2204 407149
0.00232196 2.03995e-06 1 1 1 11269 11.2464 407213
0.00232401 2.05139e-06 1 1 1 11272 11.2776 407085
0.00232608 2.06404e-06 1 1 1 11272 11.3044 407116
0.00232815 2.0762e-06 1 1 1 11314 11.3314 407143
0.00233024 2.08834e-06 1 1 1 11287 11.3574 407207
0.00233234 2.10082e-06 1 1 1 11296 11.384 407246
0.00233446 2.11393e-06 1 1 1 11296 11.416 407097
0.00233658 2.12799e-06 1 1 1 11347 11.4548 406707
0.00233873 2.14323e-06 1 1 1 11293 11.4936 406316
0.00234089 2.1588e-06 1 1 1 11320 11.5302 406008
0.00234306 2.17314e-06 1 1 1 11311 11.5574 406033
0.00234524 2.18646e-06 1 1 1 11368 11.585 406045
0.00234744 2.19939e-06 1 1 1 11350 11.6123 406068
0.00234966 2.21227e-06 1 1 1 11350 11.6386 406125
0.00235188 2.22561e-06 1 1 1 11326 11.6742 405856
0.00235412 2.23973e-06 1 1 1 11377 11.7142 405442
0.00235638 2.25411e-06 1 1 1 11356 11.7426 405428
0.00235864 2.26802e-06 1 1 1 11380 11.7696 405465
0.00236093 2.2818e-06 1 1 1 11368 11.7963 405513
0.00236322 2.29623e-06 1 1 1 11383 11.8215 405610
0.00236553 2.31011e-06 1 1 1 11389 11.8489 405636
0.00236786 2.32409e-06 1 1 1 11398 11.8759 405670
0.00237019 2.33811e-06 1 1 1 11386 11.9026 405719
0.00237255 2.35193e-06 1 1 1 11392 11.929 405776
0.00237491 2.36434e-06 1 1 1 11368 11.9566 405788
0.00237729 2.37548e-06 1 1 1 11398 11.9826 405860
0.00237967 2.38584e-06 1 1 1 11407 12.0097 405893
0.00238207 2.3949e-06 1 1 1 11413 12.0364 405940
0.00238447 2.40166e-06 1 1 1 11413 12.0628 406001
0.00238688 2.40726e-06 1 1 1 11398 12.0901 406025
0.00238929 2.41055e-06 1 1 1 11425 12.1159 406102
0.0023917 2.41295e-06 1 1 1 11419 12.1467 406014
0.00239412 2.41627e-06 1 1 1 11422 12.1742 406035
0.00239654 2.41969e-06 1 1 1 11419 12.2008 406086
0.00239896 2.42191e-06 1 1 1 11455 12.2277 406129
0.00240138 2.42404e-06 1 1 1 11455 12.2535 406208
0.00240381 2.42736e-06 1 1 1 11440 12.2807 406240
0.00240624 2.43244e-06 1 1 1 11425 12.3085 406252
0.00240868 2.43663e-06 1 1 1 11428 12.3362 406266
0.00241112 2.44035e-06 1 1 1 11449 12.3663 406202
0.00241356 2.44484e-06 1 1 1 11461 12.3936 406233
0.00241601 2.45057e-06 1 1 1 11443 12.4203 406280
0.00241847 2.45831e-06 1 1 1 11500 12.4478 406307
0.00242094 2.46512e-06 1 1 1 11506 12.4747 406355
0.00242341 2.4721e-06 1 1 1 11479 12.5011 406413
0.00242589 2.4794e-06 1 1 1 11503 12.5287 406435
0.00242837 2.48646e-06 1 1 1 11506 12.5662 406140
0.00243087 2.49368e-06 1 1 1 11512 12.6047 405812
0.00243337 2.50147e-06 1 1 1 11500 12.6322 405839
0.00243588 2.50995e-06 1 1 1 11569 12.6588 405901
0.0024384 2.5172e-06 1 1 1 11530 12.6858 405945
0.00244092 2.5238e-06 1 1 1 11542 12.7128 405991
0.00244345 2.53006e-06 1 1 1 11548 12.7405 406015
0.00244599 2.53653e-06 1 1 1 11557 12.7691 406008
0.00244853 2.54356e-06 1 1 1 11557 12.7967 406039
0.00245108 2.55118e-06 1 1 1 11554 12.8244 406062
0.00245364 2.55779e-06 1 1 1 11566 12.8511 406118
0.0024562 2.56378e-06 1 1 1 11530 12.8787 406142
0.00245877 2.56964e-06 1 1 1 11575 12.9061 406178
0.00246135 2.57542e-06 1 1 1 11548 12.9329 406230
0.00246393 2.58157e-06 1 1 1 11575 12.9606 406254
0.00246652 2.58781e-06 1 1 1 11605 12.9926 406146
0.00246911 2.59417e-06 1 1 1 11566 13.0347 405722
0.00247171 2.59965e-06 1 1 1 11593 13.0623 405750
0.00247432 2.60449e-06 1 1 1 11569 13.0895 405792
0.00247692 2.6083e-06 1 1 1 11590 13.1167 405836
0.00247954 2.61095e-06 1 1 1 11560 13.1436 405884
0.00248215 2.61363e-06 1 1 1 11596 13.1712 405914
0.00248477 2.61634e-06 1 1 1 11593 13.1987 405946
0.00248738 2.61866e-06 1 1 1 11593 13.2253 406007
0.00249 2.62062e-06 1 1 1 11605 13.2526 406046
0.00249263 2.62232e-06 1 1 1 11596 13.2803 406071
0.00249525 2.62378e-06 1 1 1 11605 13.3077 406107
0.00249788 2.62502e-06 1 1 1 11605 13.3356 406128
0.0025005 2.62611e-06 1 1 1 11596 13.3624 406181
0.00250313 2.62748e-06 1 1 1 11617 13.3896 406224
0.00250576 2.6295e-06 1 1 1 11623 13.4161 406289
0.00250839 2.63106e-06 1 1 1 11596 13.4533 406027
0.00251102 2.63188e-06 1 1 1 11620 13.481 406055
0.00251365 2.63221e-06 1 1 1 11599 13.5081 406100
0.00251629 2.63294e-06 1 1 1 11623 13.5358 406125
0.00251892 2.63301e-06 1 1 1 11602 13.5631 406163
0.00252155 2.63323e-06 1 1 1 11638 13.5916 406168
0.00252419 2.63385e-06 1 1 1 11650 13.6207 406155
0.00252682 2.63552e-06 1 1 1 11644 13.6533 406040
0.00252946 2.6333e-06 1 1 1 11638 13.6806 406080
0.00253209 2.63214e-06 1 1 1 11653 13.7068 406153
0.00253472 2.63223e-06 1 1 1 11653 13.7346 406179
0.00253735 2.6328e-06 1 1 1 11641 13.7626 406198
0.00253999 2.63439e-06 1 1 1 11638 13.7901 406232
0.00254263 2.63745e-06 1 1 1 11686 13.8173 406278
0.00254526 2.6398e-06 1 1 1 11653 13.844 406336
0.00254791 2.64212e-06 1 1 1 11644 13.8724 406344
0.00255055 2.64508e-06 1 1 1 11635 13.9004 406362
0.0025532 2.64932e-06 1 1 1 11680 13.93 406340
0.00255586 2.65546e-06 1 1 1 11680 13.9569 406392
0.00255852 2.66189e-06 1 1 1 11698 13.9838 406446
0.00256119 2.66827e-06 1 1 1 11683 14.0115 406476
0.00256386 2.6753e-06 1 1 1 11710 14.0395 406499
0.00256655 2.68363e-06 1 1 1 11716 14.0674 406527
0.00256924 2.69384e-06 1 1 1 11725 14.0949 406565
0.00257195 2.70544e-06 1 1 1 11719 14.1228 406593
0.00257466 2.7167e-06 1 1 1 11722 14.1504 406628
0.00257739 2.72835e-06 1 1 1 11737 14.1787 406645
0.00258013 2.74099e-06 1 1 1 11737 14.213 406488
0.00258289 2.75516e-06 1 1 1 11722 14.2395 406554
0.00258566 2.77129e-06 1 1 1 11746 14.2722 406445
0.00258845 2.78773e-06 1 1 1 11746 14.3142 406075
0.00259125 2.80393e-06 1 1 1 11749 14.355 405739
0.00259407 2.8205e-06 1 1 1 11743 14.3864 405669
0.00259691 2.83801e-06 1 1 1 11767 14.4139 405713
0.00259976 2.85692e-06 1 1 1 11770 14.4419 405740
0.00260264 2.87756e-06 1 1 1 11806 14.4688 405801
0.00260554 2.89792e-06 1 1 1 11794 14.4983 405789
0.00260846 2.91785e-06 1 1 1 11815 14.5256 405840
0.0026114 2.938e-06 1 1 1 11827 14.5527 405898
0.00261436 2.95893e-06 1 1 1 11821 14.5807 405929
0.00261734 2.98119e-06 1 1 1 11803 14.6089 405953
0.00262034 3.00517e-06 1 1 1 11815 14.6369 405984
0.00262337 3.02795e-06 1 1 1 11854 14.671 405849
0.00262642 3.05032e-06 1 1 1 11833 14.7003 405844
0.00262949 3.07299e-06 1 1 1 11833 14.7287 405865
0.00263259 3.09667e-06 1 1 1 11827 14.7572 405881
0.00263571 3.12178e-06 1 1 1 11863 14.7856 405904
0.00263886 3.14544e-06 1 1 1 11839 14.8127 405961
0.00264202 3.16745e-06 1 1 1 11854 14.8404 406004
0.00264521 3.1908e-06 1 1 1 11839 14.8683 406037
0.00264843 3.2127e-06 1 1 1 11842 14.9069 405782
0.00265166 3.23367e-06 1 1 1 11863 14.9383 405721
0.00265491 3.25004e-06 1 1 1 11863 14.9662 405757
0.00265818 3.26594e-06 1 1 1 11899 14.9942 405795
0.00266146 3.27904e-06 1 1 1 11890 15.0223 405826
0.00266475 3.29042e-06 1 1 1 11890 15.0508 405846
0.00266805 3.30113e-06 1 1 1 11893 15.0814 405812
0.00267136 3.30864e-06 1 1 1 11905 15.1085 405872
0.00267467 3.31756e-06 1 1 1 11902 15.137 405896
0.002678 3.32301e-06 1 1 1 11899 15.1644 405946
0.00268133 3.32818e-06 1 1 1 11920 15.1932 405962
0.00268466 3.33219e-06 1 1 1 11950 15.2213 405997
0.00268799 3.33502e-06 1 1 1 11953 15.2488 406048
0.00269133 3.33818e-06 1 1 1 11950 15.2775 406067
0.00269467 3.33882e-06 1 1 1 11968 15.3049 406124
0.00269801 3.34103e-06 1 1 1 11965 15.3354 406095
0.00270135 3.33515e-06 1 1 1 11980 15.3656 406078
0.00270468 3.33552e-06 1 1 1 11971 15.3932 406126
0.00270801 3.3294e-06 1 1 1 11992 15.4217 406154
0.00271133 3.31966e-06 1 1 1 11995 15.4489 406216
0.00271465 3.32058e-06 1 1 1 12022 15.4948 405788
0.00271795 3.30384e-06 1 1 1 11977 15.5241 405793
0.00272126 3.30503e-06 1 1 1 12016 15.5525 405825
0.00272455 3.29355e-06 1 1 1 12007 15.5807 405861
0.00272785 3.29355e-06 1 1 1 12043 15.6074 405939
0.00273114 3.29204e-06 1 1 1 12025 15.6353 405983
0.00273441 3.27394e-06 1 1 1 12070 15.6636 406021
0.00273765 3.2349e-06 1 1 1 12085 15.6933 406021
0.00274084 3.19458e-06 1 1 1 12052 15.723 406021
0.00274381 2.97068e-06 1 1 1 12067 15.7505 406078
0.00274678 2.96534e-06 1 1 1 12100 15.7791 406109
0.00274975 2.97385e-06 1 1 1 12091 15.8075 406145
0.0027526 2.84728e-06 1 1 1 12106 15.8367 406160
0.00275543 2.83129e-06 1 1 1 12124 15.8744 405959
0.00275827 2.83697e-06 1 1 1 12112 15.9012 406037
0.00276112 2.84883e-06 1 1 1 12103 15.9333 405979
0.00276397 2.85332e-06 1 1 1 12112 15.9606 406044
0.0027668 2.83473e-06 1 1 1 12109 15.9902 406049
0.00276965 2.84299e-06 1 1 1 12097 16.0214 406012
0.0027725 2.85011e-06 1 1 1 12136 16.0631 405715
0.00277536 2.86238e-06 1 1 1 12136 16.1044 405427
0.00277823 2.87392e-06 1 1 1 12124 16.1486 405068
0.00278112 2.88524e-06 1 1 1 12139 16.1795 405046
0.00278402 2.90031e-06 1 1 1 12139 16.2201 404780
0.00278693 2.91051e-06 1 1 1 12136 16.2612 404502
0.00278985 2.92138e-06 1 1 1 12157 16.3051 404159
0.00279278 2.93086e-06 1 1 1 12130 16.3368 404119
0.00279572 2.93967e-06 1 1 1 12130 16.366 404137
0.00279867 2.94347e-06 1 1 1 12163 16.4018 403997
0.00280161 2.94435e-06 1 1 1 12142 16.4388 403828
0.00280451 2.90236e-06 1 1 1 12151 16.4871 403381
0.00280742 2.90437e-06 1 1 1 12172 16.5342 402969
0.00281032 2.89888e-06 1 1 1 12166 16.5724 402774
0.00281322 2.9031e-06 1 1 1 12163 16.6139 402498
0.00281613 2.91261e-06 1 1 1 12181 16.6484 402397
0.00281905 2.91948e-06 1 1 1 12181 16.6892 402142
0.00282197 2.92238e-06 1 1 1 12187 16.7335 401806
0.00282489 2.92211e-06 1 1 1 12181 16.7739 401565
0.00282778 2.88769e-06 1 1 1 12187 16.8133 401348
0.00283062 2.83407e-06 1 1 1 12187 16.845 401317
0.00283338 2.76605e-06 1 1 1 12232 16.8748 401332
0.00283614 2.75919e-06 1 1 1 12202 16.9162 401071
0.00283886 2.72004e-06 1 1 1 12211 16.9613 400725
0.00284155 2.686e-06 1 1 1 12232 16.9933 400692
0.00284419 2.64012e-06 1 1 1 12226 17.0297 400551
0.00284677 2.58691e-06 1 1 1 12259 17.0656 400427
0.00284934 2.56291e-06 1 1 1 12256 17.0983 400379
0.00285186 2.52306e-06 1 1 1 12238 17.1274 400412
0.00285435 2.48964e-06 1 1 1 12247 17.1567 400444
0.00285679 2.44124e-06 1 1 1 12244 17.1867 400456
0.00285917 2.37771e-06 1 1 1 12259 17.2249 400280
0.00286153 2.35934e-06 1 1 1 12274 17.2604 400169
0.00286384 2.31549e-06 1 1 1 12262 17.2885 400226
0.00286613 2.28672e-06 1 1 1 12244 17.3173 400269
0.00286838 2.24526e-06 1 1 1 12244 17.3461 400310
0.00287058 2.20181e-06 1 1 1 12256 17.3825 400176
0.00287274 2.16603e-06 1 1 1 12262 17.4115 400215
0.00287488 2.13315e-06 1 1 1 12259 17.4418 400222
0.00287697 2.09586e-06 1 1 1 12280 17.4697 400284
0.00287905 2.07742e-06 1 1 1 12271 17.4992 400311
0.00288108 2.02932e-06 1 1 1 12286 17.5298 400313
0.00288308 2.00179e-06 1 1 1 12301 17.56 400325
0.00288506 1.9814e-06 1 1 1 12301 17.5938 400257
0.00288701 1.94293e-06 1 1 1 12313 17.6298 400138
0.00288892 1.91344e-06 1 1 1 12304 17.6735 399844
0.00289081 1.89011e-06 1 1 1 12313 17.7038 399856
0.00289267 1.86467e-06 1 1 1 12304 17.7348 399849
0.00289451 1.83144e-06 1 1 1 12319 17.7659 399843
0.00289632 1.81125e-06 1 1 1 12301 17.7946 399889
0.0028981 1.78376e-06 1 1 1 12310 17.8253 399892
0.00289987 1.76441e-06 1 1 1 12310 17.8598 399808
0.00290156 1.69695e-06 1 1 1 12307 17.9039 399511
0.00290326 1.69723e-06 1 1 1 12316 17.948 399216
0.00290495 1.69047e-06 1 1 1 12307 17.9799 399193
0.00290662 1.67323e-06 1 1 1 12322 18.0114 399177
0.00290828 1.65229e-06 1 1 1 12313 18.0478 399056
0.00290991 1.63133e-06 1 1 1 12322 18.0761 399111
0.0029115 1.59434e-06 1 1 1 12319 18.1059 399136
0.00291309 1.58593e-06 1 1 1 12337 18.1445 398966
0.00291466 1.56822e-06 1 1 1 12316 18.1884 398680
0.00291622 1.5609e-06 1 1 1 12328 18.2272 398509
0.00291775 1.53759e-06 1 1 1 12334 18.2614 398438
0.00291928 1.52581e-06 1 1 1 12361 18.2927 398431
0.00292079 1.50751e-06 1 1 1 12379 18.3295 398307
0.00292228 1.48893e-06 1 1 1 12370 18.3635 398242
0.00292376 1.48383e-06 1 1 1 12370 18.398 398168
0.00292523 1.47008e-06 1 1 1 12370 18.4354 398031
0.00292669 1.45843e-06 1 1 1 12391 18.465 398065
0.00292814 1.45263e-06 1 1 1 12373 18.4966 398053
0.00292958 1.44201e-06 1 1 1 12385 18.5275 398059
0.00293102 1.43869e-06 1 1 1 12367 18.5645 397931
0.00293245 1.4291e-06 1 1 1 12370 18.5963 397915
0.00293388 1.42576e-06 1 1 1 12364 18.6244 397979
0.00293529 1.41517e-06 1 1 1 12382 18.6558 397972
0.00293671 1.41408e-06 1 1 1 12394 18.6873 397965
0.00293811 1.40223e-06 1 1 1 12376 18.7254 397817
0.0029395 1.39555e-06 1 1 1 12403 18.7554 397841
0.00294089 1.38487e-06 1 1 1 12409 18.7838 397901
0.00294227 1.38186e-06 1 1 1 12394 18.8139 397923
0.00294363 1.36418e-06 1 1 1 12385 18.847 397881
0.00294498 1.34687e-06 1 1 1 12415 18.8821 397799
0.00294629 1.31312e-06 1 1 1 12415 18.9121 397825
0.00294758 1.29037e-06 1 1 1 12421 18.943 397832
0.00294884 1.25737e-06 1 1 1 12418 18.9746 397823
0.0029501 1.25776e-06 1 1 1 12403 19.0053 397833
0.00295135 1.25335e-06 1 1 1 12424 19.0345 397876
0.00295261 1.25498e-06 1 1 1 12427 19.0707 397772
0.00295386 1.25646e-06 1 1 1 12418 19.1118 397567
0.00295512 1.25878e-06 1 1 1 12409 19.1455 397514
0.00295638 1.26076e-06 1 1 1 12421 19.1827 397392
0.00295765 1.26331e-06 1 1 1 12427 19.2226 397213
0.00295889 1.2467e-06 1 1 1 12457 19.2581 397128
0.00296011 1.21899e-06 1 1 1 12436 19.2879 397159
0.00296129 1.18049e-06 1 1 1 12442 19.3235 397070
0.00296245 1.15469e-06 1 1 1 12448 19.3793 396570
0.00296358 1.13182e-06 1 1 1 12448 19.4156 396470
0.00296468 1.09531e-06 1 1 1 12457 19.4499 396410
0.00296576 1.08602e-06 1 1 1 12445 19.4844 396347
0.00296682 1.06038e-06 1 1 1 12448 19.5297 396067
0.00296785 1.02799e-06 1 1 1 12433 19.568 395926
0.00296887 1.01846e-06 1 1 1 12460 19.6024 395867
0.00296987 1.00103e-06 1 1 1 12433 19.6393 395757
0.00297086 9.90183e-07 1 1 1 12463 19.6693 395786
0.00297184 9.7661e-07 1 1 1 12439 19.7217 395366
0.0029728 9.637e-07 1 1 1 12442 19.7662 395105
0.00297376 9.58647e-07 1 1 1 12436 19.799 395079
0.00297471 9.47839e-07 1 1 1 12475 19.8313 395064
0.00297564 9.34781e-07 1 1 1 12454 19.8632 395056
0.00297657 9.30215e-07 1 1 1 12481 19.8947 395058
0.0029775 9.3056e-07 1 1 1 12451 19.9283 395017
0.00297843 9.29e-07 1 1 1 12469 19.9628 394959
0.00297935 9.22023e-07 1 1 1 12460 19.9934 394978
0.00298028 9.22274e-07 1 1 1 12490 20.0261 394957
0.00298119 9.10817e-07 1 1 1 12460 20.059 394929
0.00298209 9.05953e-07 1 1 1 12481 20.0913 394916
0.002983 9.06632e-07 1 1 1 12466 20.1223 394927
0.00298391 9.09479e-07 1 1 1 12499 20.1622 394766
0.00298482 9.08832e-07 1 1 1 12445 20.2043 394559
0.00298573 9.08836e-07 1 1 1 12490 20.2438 394405
0.00298664 9.10775e-07 1 1 1 12457 20.2857 394206
0.00298747 8.3061e-07 1 1 1 12511 20.3397 393775
0.00298831 8.39687e-07 1 1 1 12484 20.3852 393508
0.00298916 8.49147e-07 1 1 1 12490 20.4327 393204
0.00299001 8.58145e-07 1 1 1 12478 20.4631 393228
0.00299088 8.69217e-07 1 1 1 12508 20.4946 393235
0.00299176 8.78243e-07 1 1 1 12478 20.5314 393139
0.00299265 8.87993e-07 1 1 1 12490 20.5653 393097
0.00299355 8.97621e-07 1 1 1 12481 20.604 392966
0.00299445 9.03847e-07 1 1 1 12487 20.6425 392837
0.00299536 9.11286e-07 1 1 1 12460 20.6736 392849
0.00299628 9.20339e-07 1 1 1 12493 20.7052 392852
0.00299721 9.28852e-07 1 1 1 12478 20.74 392794
0.00299815 9.37627e-07 1 1 1 12496 20.7764 392709
0.0029991 9.47692e-07 1 1 1 12481 20.8136 392606
0.00300006 9.58989e-07 1 1 1 12493 20.8471 392574
0.00300103 9.71845e-07 1 1 1 12490 20.8855 392450
0.00300202 9.87488e-07 1 1 1 12487 20.9291 392229
ffmpeg version 4.4.2-0ubuntu0.22.04.1 Copyright (c) 2000-2021 the FFmpeg developers
  built with gcc 11 (Ubuntu 11.2.0-19ubuntu1)
  configuration: --prefix=/usr --extra-version=0ubuntu0.22.04.1 --toolchain=hardened --libdir=/usr/lib/x86_64-linux-gnu --incdir=/usr/include/x86_64-linux-gnu --arch=amd64 --enable-gpl --disable-stripping --enable-gnutls --enable-ladspa --enable-libaom --enable-libass --enable-libbluray --enable-libbs2b --enable-libcaca --enable-libcdio --enable-libcodec2 --enable-libdav1d --enable-libflite --enable-libfontconfig --enable-libfreetype --enable-libfribidi --enable-libgme --enable-libgsm --enable-libjack --enable-libmp3lame --enable-libmysofa --enable-libopenjpeg --enable-libopenmpt --enable-libopus --enable-libpulse --enable-librabbitmq --enable-librubberband --enable-libshine --enable-libsnappy --enable-libsoxr --enable-libspeex --enable-libsrt --enable-libssh --enable-libtheora --enable-libtwolame --enable-libvidstab --enable-libvorbis --enable-libvpx --enable-libwebp --enable-libx265 --enable-libxml2 --enable-libxvid --enable-libzimg --enable-libzmq --enable-libzvbi --enable-lv2 --enable-omx --enable-openal --enable-opencl --enable-opengl --enable-sdl2 --enable-pocketsphinx --enable-librsvg --enable-libmfx --enable-libdc1394 --enable-libdrm --enable-libiec61883 --enable-chromaprint --enable-frei0r --enable-libx264 --enable-shared
  WARNING: library configuration mismatch
  avcodec     configuration: --prefix=/usr --extra-version=0ubuntu0.22.04.1 --toolchain=hardened --libdir=/usr/lib/x86_64-linux-gnu --incdir=/usr/include/x86_64-linux-gnu --arch=amd64 --enable-gpl --disable-stripping --enable-gnutls --enable-ladspa --enable-libaom --enable-libass --enable-libbluray --enable-libbs2b --enable-libcaca --enable-libcdio --enable-libcodec2 --enable-libdav1d --enable-libflite --enable-libfontconfig --enable-libfreetype --enable-libfribidi --enable-libgme --enable-libgsm --enable-libjack --enable-libmp3lame --enable-libmysofa --enable-libopenjpeg --enable-libopenmpt --enable-libopus --enable-libpulse --enable-librabbitmq --enable-librubberband --enable-libshine --enable-libsnappy --enable-libsoxr --enable-libspeex --enable-libsrt --enable-libssh --enable-libtheora --enable-libtwolame --enable-libvidstab --enable-libvorbis --enable-libvpx --enable-libwebp --enable-libx265 --enable-libxml2 --enable-libxvid --enable-libzimg --enable-libzmq --enable-libzvbi --enable-lv2 --enable-omx --enable-openal --enable-opencl --enable-opengl --enable-sdl2 --enable-pocketsphinx --enable-librsvg --enable-libmfx --enable-libdc1394 --enable-libdrm --enable-libiec61883 --enable-chromaprint --enable-frei0r --enable-libx264 --enable-shared --enable-version3 --disable-doc --disable-programs --enable-libaribb24 --enable-libopencore_amrnb --enable-libopencore_amrwb --enable-libtesseract --enable-libvo_amrwbenc --enable-libsmbclient
  libavutil      56. 70.100 / 56. 70.100
  libavcodec     58.134.100 / 58.134.100
  libavformat    58. 76.100 / 58. 76.100
  libavdevice    58. 13.100 / 58. 13.100
  libavfilter     7.110.100 /  7.110.100
  libswscale      5.  9.100 /  5.  9.100
  libswresample   3.  9.100 /  3.  9.100
  libpostproc    55.  9.100 / 55.  9.100
Input #0, image2pipe, from 'pipe:':
  Duration: N/A, bitrate: N/A
  Stream #0:0: Video: ppm, rgb24, 600x600, 25 fps, 25 tbr, 25 tbn, 25 tbc
Stream mapping:
  Stream #0:0 -> #0:0 (ppm (native) -> h264 (libx264))
Finishing stream 0:0 without any data written to it.
[libx264 @ 0x55555560f040] using cpu capabilities: MMX2 SSE2Fast LZCNT SSSE3 SSE4.2 AVX
[libx264 @ 0x55555560f040] profile High, level 3.0, 4:2:0, 8-bit
Output #0, mpegts, to 'movie.mp4':
  Metadata:
    encoder         : Lavf58.76.100
  Stream #0:0: Video: h264, yuv420p, 600x600, q=2-31, 25 fps, 90k tbn
    Metadata:
      encoder         : Lavc58.134.100 libx264
    Side data:
      cpb: bitrate max/min/avg: 0/0/0 buffer size: 0 vbv_delay: N/A
frame=    0 fps=0.0 q=0.0 Lsize=       0kB time=00:00:00.00 bitrate=N/A speed=   0x    
video:0kB audio:0kB subtitle:0kB other streams:0kB global headers:0kB muxing overhead: unknown
Output file is empty, nothing was encoded (check -ss / -t / -frames parameters if used)
Exiting normally, received signal 2.
/home/kaiwen/basilisk/src/poisson.h:306:error: [Thread debugging using libthread_db enabled]
/home/kaiwen/basilisk/src/poisson.h:306:error: Using host libthread_db library "/lib/x86_64-linux-gnu/libthread_db.so.1".
/home/kaiwen/basilisk/src/poisson.h:306:error: [New Thread 0x7fffed902640 (LWP 113502)]
/home/kaiwen/basilisk/src/poisson.h:306:error: [New Thread 0x7fffed101640 (LWP 113503)]
/home/kaiwen/basilisk/src/poisson.h:306:error: [New Thread 0x7fffec900640 (LWP 113504)]
/home/kaiwen/basilisk/src/poisson.h:306:error: [New Thread 0x7fffe7fff640 (LWP 113505)]
/home/kaiwen/basilisk/src/poisson.h:306:error: [New Thread 0x7fffe77fe640 (LWP 113506)]
/home/kaiwen/basilisk/src/poisson.h:306:error: [New Thread 0x7fffe6ffd640 (LWP 113507)]
/home/kaiwen/basilisk/src/poisson.h:306:error: [New Thread 0x7fffe67fc640 (LWP 113508)]
/home/kaiwen/basilisk/src/poisson.h:306:error: [New Thread 0x7fffe5ffb640 (LWP 113509)]
/home/kaiwen/basilisk/src/poisson.h:306:error: [New Thread 0x7fffe57fa640 (LWP 113510)]
/home/kaiwen/basilisk/src/poisson.h:306:error: [New Thread 0x7fffe4ff9640 (LWP 113511)]
/home/kaiwen/basilisk/src/poisson.h:306:error: [New Thread 0x7fffc3fff640 (LWP 113512)]
/home/kaiwen/basilisk/src/poisson.h:306:error: [New Thread 0x7fffc37fe640 (LWP 113513)]
/home/kaiwen/basilisk/src/poisson.h:306:error: [New Thread 0x7fffc2ffd640 (LWP 113514)]
/home/kaiwen/basilisk/src/poisson.h:306:error: [Detaching after vfork from child process 113515]
/home/kaiwen/basilisk/src/poisson.h:306:error: Thread 1 "coax_sim" received signal SIGINT, Interrupt.
