0 0 0.29845307
0.25 5 0.29845301
0.5 10 0.29843389
0.75 15 0.29843393
1 20 0.29841846
1.25 25 0.29841783
1.5 30 0.29841698
1.75 35 0.29841133
2 40 0.29841093
2.25 45 0.29840945
2.5 50 0.2984378
2.75 55 0.29838845
3 60 0.29836099
3.25 65 0.29835507
3.5 70 0.29832505
3.75 75 0.2983265
4 80 0.29830751
4.25 85 0.2983075
4.5 90 0.29828814
4.75 95 0.29823061
5 100 0.29823166
5.25 105 0.2982054
5.5 110 0.29820658
5.75 115 0.29813813
6 120 0.29813802
6.25 125 0.29813798
6.5 130 0.29813814
6.75 135 0.29811935
7 140 0.29811936
7.25 145 0.29814116
7.5 150 0.29812318
7.75 155 0.2981339
8 160 0.29813397
8.25 165 0.29813392
8.5 170 0.29813408
8.75 175 0.29813415
9 180 0.29815023
9.25 185 0.29813738
9.5 190 0.29813748
9.75 195 0.29810014
10 200 0.29810034
